5 900 38
6 900 120
7 900 202
8 900 337
9 900 472
10 900 607
11 900 742
12 900 925
13 900 1108
14 900 1338
15 900 1568
16 900 1798
17 900 2028
18 900 2300
19 900 2572
20 900 2883
21 900 3194
22 900 3505
23 900 3816
24 900 4163
25 900 4510
26 900 4857
27 900 5204
28 900 5551
29 900 5898
30 900 6275
31 900 6652
32 900 7058
33 900 7464
34 900 7870
35 900 8276
36 900 8682
37 900 9088
38 900 9518
39 900 9948
40 900 10378
41 900 10808
42 900 11259
43 900 11710
44 900 12181
45 900 12652
46 900 13123
47 900 13594
48 900 14084
49 900 14574
