5 1000 39
6 1000 124
7 1000 209
8 1000 349
9 1000 489
10 1000 629
11 1000 769
12 1000 960
13 1000 1151
14 1000 1393
15 1000 1635
16 1000 1877
17 1000 2119
18 1000 2406
19 1000 2693
20 1000 3024
21 1000 3355
22 1000 3686
23 1000 4017
24 1000 4386
25 1000 4755
26 1000 5124
27 1000 5493
28 1000 5862
29 1000 6231
30 1000 6633
31 1000 7035
32 1000 7469
33 1000 7903
34 1000 8337
35 1000 8771
36 1000 9205
37 1000 9639
38 1000 10100
39 1000 10561
40 1000 11022
41 1000 11483
42 1000 11968
43 1000 12453
44 1000 12961
45 1000 13469
46 1000 13977
47 1000 14485
48 1000 15014
49 1000 15543
