5 200 24
6 200 69
7 200 114
8 200 180
9 200 246
10 200 312
11 200 378
12 200 460
13 200 542
14 200 639
15 200 736
16 200 833
17 200 930
18 200 1038
19 200 1146
20 200 1264
21 200 1382
22 200 1500
23 200 1618
24 200 1744
25 200 1870
26 200 1996
27 200 2122
28 200 2248
29 200 2374
30 200 2506
31 200 2638
32 200 2776
33 200 2914
34 200 3052
35 200 3190
36 200 3328
37 200 3466
38 200 3609
39 200 3752
40 200 3895
41 200 4038
42 200 4185
43 200 4332
44 200 4483
45 200 4634
46 200 4785
47 200 4936
48 200 5091
49 200 5246
