5 400 30
6 400 90
7 400 150
8 400 243
9 400 336
10 400 429
11 400 522
12 400 643
13 400 764
14 400 911
15 400 1058
16 400 1205
17 400 1352
18 400 1520
19 400 1688
20 400 1877
21 400 2066
22 400 2255
23 400 2444
24 400 2650
25 400 2856
26 400 3062
27 400 3268
28 400 3474
29 400 3680
30 400 3899
31 400 4118
32 400 4349
33 400 4580
34 400 4811
35 400 5042
36 400 5273
37 400 5504
38 400 5745
39 400 5986
40 400 6227
41 400 6468
42 400 6718
43 400 6968
44 400 7227
45 400 7486
46 400 7745
47 400 8004
48 400 8271
49 400 8538
