5 800 37
6 800 116
7 800 195
8 800 323
9 800 451
10 800 579
11 800 707
12 800 879
13 800 1051
14 800 1266
15 800 1481
16 800 1696
17 800 1911
18 800 2163
19 800 2415
20 800 2704
21 800 2993
22 800 3282
23 800 3571
24 800 3892
25 800 4213
26 800 4534
27 800 4855
28 800 5176
29 800 5497
30 800 5845
31 800 6193
32 800 6566
33 800 6939
34 800 7312
35 800 7685
36 800 8058
37 800 8431
38 800 8825
39 800 9219
40 800 9613
41 800 10007
42 800 10420
43 800 10833
44 800 11264
45 800 11695
46 800 12126
47 800 12557
48 800 13005
49 800 13453
