5 700 35
6 700 109
7 700 183
8 700 303
9 700 423
10 700 543
11 700 663
12 700 823
13 700 983
14 700 1182
15 700 1381
16 700 1580
17 700 1779
18 700 2012
19 700 2245
20 700 2511
21 700 2777
22 700 3043
23 700 3309
24 700 3604
25 700 3899
26 700 4194
27 700 4489
28 700 4784
29 700 5079
30 700 5398
31 700 5717
32 700 6058
33 700 6399
34 700 6740
35 700 7081
36 700 7422
37 700 7763
38 700 8122
39 700 8481
40 700 8840
41 700 9199
42 700 9575
43 700 9951
44 700 10343
45 700 10735
46 700 11127
47 700 11519
48 700 11925
49 700 12331
