5 300 28
6 300 82
7 300 136
8 300 217
9 300 298
10 300 379
11 300 460
12 300 563
13 300 666
14 300 789
15 300 912
16 300 1035
17 300 1158
18 300 1298
19 300 1438
20 300 1593
21 300 1748
22 300 1903
23 300 2058
24 300 2226
25 300 2394
26 300 2562
27 300 2730
28 300 2898
29 300 3066
30 300 3244
31 300 3422
32 300 3609
33 300 3796
34 300 3983
35 300 4170
36 300 4357
37 300 4544
38 300 4739
39 300 4934
40 300 5129
41 300 5324
42 300 5526
43 300 5728
44 300 5937
45 300 6146
46 300 6355
47 300 6564
48 300 6779
49 300 6994
