5 600 34
6 600 104
7 600 174
8 600 286
9 600 398
10 600 510
11 600 622
12 600 770
13 600 918
14 600 1101
15 600 1284
16 600 1467
17 600 1650
18 600 1864
19 600 2078
20 600 2320
21 600 2562
22 600 2804
23 600 3046
24 600 3314
25 600 3582
26 600 3850
27 600 4118
28 600 4386
29 600 4654
30 600 4942
31 600 5230
32 600 5537
33 600 5844
34 600 6151
35 600 6458
36 600 6765
37 600 7072
38 600 7395
39 600 7718
40 600 8041
41 600 8364
42 600 8701
43 600 9038
44 600 9388
45 600 9738
46 600 10088
47 600 10438
48 600 10800
49 600 11162
