5 500 32
6 500 98
7 500 164
8 500 267
9 500 370
10 500 473
11 500 576
12 500 711
13 500 846
14 500 1011
15 500 1176
16 500 1341
17 500 1506
18 500 1697
19 500 1888
20 500 2104
21 500 2320
22 500 2536
23 500 2752
24 500 2989
25 500 3226
26 500 3463
27 500 3700
28 500 3937
29 500 4174
30 500 4428
31 500 4682
32 500 4952
33 500 5222
34 500 5492
35 500 5762
36 500 6032
37 500 6302
38 500 6585
39 500 6868
40 500 7151
41 500 7434
42 500 7729
43 500 8024
44 500 8330
45 500 8636
46 500 8942
47 500 9248
48 500 9564
49 500 9880
